0000000000000
0100000000000
0100000000000
0100100000000
0100100000000
0100100000000
0100100000000
0100100000000
0000100001000
0000100001000
0000100001000
0000100001000
0000100000000
0000100000000
0000100000000
0000100000000
0000000000100
0000000000100
0000000000100
0000000000100
0000000000100
0000000000100
0000000000100
0000000000100
0000000000000
0000000000000
1000000100000
1000000100000
1000000100000
1000000100000
1000000000001
1000000000001
1000000000001
1000000000001
1000000000000
1000000000000
1100000000000
1100000000000
1100000000000
1100000000000
1100000000000
1100000000000
1000000001000
1000000001000
1000000001000
1000000001000
0000000010000
0000000010000
0000000010000
0000000010000
0000000000000
0000000000000
0000000000100
0000000000100
1000000000100
1000000000100
1000000000100
1000000000100
1000000000100
1000000000100
1000000000000
1000000000000
1000000000000
1000000000000
0000000010000